425.42
153.96
425.51
162.64
430.94
150.47
428.11
205.60
196.24
282.44
174.86
132.32
231.94
408.51
239.08
411.11
408.21
333.04
402.37
394.27
314.55
137.16
189.00
229.82
415.97
210.34
200.09
249.18
182.31
395.18
289.66
299.72
294.08
187.81
246.00
254.50
314.96
143.89
395.24
312.53
142.45
207.71
259.91
343.26
123.80
142.85
417.87
188.31
345.40
280.22
395.65
372.04
178.94
401.33
365.69
322.86
407.96
289.92
131.00
412.50
129.91
253.21
264.53
190.16
409.22
352.30
287.87
405.47
421.13
414.13
276.66
337.00
134.06
422.27
250.26
390.57
149.20
310.80
303.13
230.81
258.40
246.22
245.08
154.20
342.71
411.09
182.40
271.17
191.01
269.61
203.27
275.11
387.84
181.89
301.89
345.73
324.72
218.11
353.84
305.10
1187.20
1677.95
1251.84
1740.33
1437.58
1109.37
1555.91
1574.59
1212.82
1530.79
1184.04
1708.89
1541.82
1609.35
1565.09
1648.33
1157.16
1177.86
1450.32
1195.67
1703.20
1663.22
1281.91
1391.56
1208.16
1696.64
1137.71
1208.85
1092.07
1110.91
1614.93
1323.00
1316.03
1155.99
1528.01
1095.33
1372.19
1506.92
1631.36
1241.03
1192.14
1358.10
1392.88
1039.48
1314.00
1511.26
1764.47
1682.82
1188.89
1598.15
1166.18
1664.20
1361.66
1581.38
1506.90
1312.33
1416.13
1431.22
1108.36
1176.15
1481.61
1018.62
1375.00
1290.40
1615.43
1485.48
1126.86
1156.70
1695.12
818.53
1076.38
1236.62
1247.45
1406.35
1479.63
1489.00
1642.69
1190.75
1083.49
1203.47
1608.20
1468.76
1334.95
1713.07
1326.20
1313.75
1229.93
1190.16
1278.76
1582.38
1721.95
1454.00
1279.84
1064.05
1000.42
1390.11
1291.46
974.72
982.29
1269.57
2199.42
2043.77
1987.15
1455.32
1807.51
2259.93
1672.47
1360.25
1365.26
2041.90
1812.23
1753.69
1910.32
1570.32
2250.80
2124.93
2074.90
1670.77
1708.49
1814.82
1392.29
1877.96
2471.88
2385.45
1956.48
1554.14
1624.16
2031.29
1578.13
2426.74
1113.74
1792.70
1718.17
2282.34
1324.04
2267.03
1591.02
1789.75
1987.61
1874.21
1600.13
1780.30
1376.46
1740.03
2277.18
2008.40
1871.49
2563.02
2009.99
2099.93
1632.63
1564.04
1927.80
2066.88
2329.97
1485.99
1714.45
1261.71
1888.17
1645.16
2006.67
2271.80
2221.29
1666.51
2107.63
2379.61
2067.20
1477.12
1927.95
2146.72
1906.92
2135.57
1692.10
1310.17
1172.48
1541.43
2258.73
1549.07
1684.28
1548.71
2035.84
1418.91
1770.81
2227.55
1835.07
1916.83
2293.40
1548.39
2385.72
1439.82
1936.90
1883.91
2015.35
2317.68
1599.72
1803.47
1554.16
2600.55
1985.18
2275.12
1432.33
1106.85
1087.25
946.91
1139.55
1134.49
846.51
1189.72
1202.44
1544.62
914.57
1070.47
1120.84
976.13
1029.75
1027.61
1320.79
694.32
976.87
876.12
1416.79
1107.61
876.12
1285.93
1338.18
931.40
1439.21
1519.23
920.08
1041.64
551.62
616.76
736.69
1627.88
1170.36
904.51
854.90
546.34
1278.03
1339.22
665.42
1062.77
1151.52
1430.47
1077.86
1023.16
1238.19
559.82
862.37
1382.58
1594.03
1089.06
746.33
1379.25
743.21
800.01
1125.32
1233.84
702.90
772.84
836.87
975.73
1595.84
1205.66
557.83
1678.72
1533.62
829.92
768.32
944.85
1243.46
959.75
1239.12
1163.81
1192.61
1225.47
1149.40
717.94
847.29
1395.63
895.48
1296.73
1076.04
638.15
1193.94
852.13
1622.87
435.10
944.42
1488.40
762.96
1287.14
759.16
1126.61
1641.57
1235.93
1256.55
936.91
1227.87
1532.15
1553.49
723.30
1420.69
1459.39
930.39
781.75
1514.03
1120.05
820.80
1598.19
762.85
1043.14
1372.24
1082.84
1254.55
941.22
1656.49
603.39
1543.14
563.89
1341.74
774.44
1015.29
1161.39
1071.59
1109.09
1489.39
983.95
640.00
1627.44
698.00
833.89
1422.89
1080.70
884.29
1788.49
915.79
953.39
1238.00
995.64
1207.10
1466.49
739.10
733.05
898.13
1501.44
528.34
1315.20
1657.24
766.89
474.50
503.04
557.88
756.62
1013.46
762.76
949.78
828.82
635.39
760.22
965.95
934.29
863.30
832.39
1163.48
667.25
996.01
991.48
1030.15
536.11
755.17
912.72
1071.85
949.24
829.69
986.20
972.15
1113.57
1019.35
617.84
745.18
801.97
509.37
556.43
947.41
767.59
1155.94
896.90
788.27
1153.60
654.66
547.64
642.09
882.36
607.53
541.25
964.47
875.20
964.33
847.76
924.51
886.27
710.08
476.48
939.72
473.52
973.12
704.97
886.72
638.46
861.48
762.39
733.68
621.59
508.34
857.37
794.37
1131.63
869.17
642.76
1046.10
921.27
1113.34
622.20
715.31
622.24
691.12
777.86
1021.79
585.52
746.33
972.27
789.20
739.11
515.25
781.56
1131.19
549.14
1058.00
693.07
808.42
936.46
850.31
385.28
642.15
611.79
1084.51
1086.27
611.18
958.53
1436.30
1221.70
1319.63
1657.32
1398.67
993.14
1174.42
1144.65
1402.63
1363.57
1266.16
1547.69
1434.71
1083.38
1403.07
1242.49
1166.38
1087.02
1421.59
1620.80
1114.22
920.05
1134.14
1723.86
1356.32
1244.85
1607.15
1170.07
1499.81
933.67
1124.71
1222.72
1104.05
937.25
1322.86
1470.83
1617.16
1380.45
1326.42
1578.91
1669.73
1436.38
1438.06
1690.99
1274.76
1390.70
1555.76
1562.91
1234.18
1445.68
1583.54
1065.73
1777.46
1525.47
1068.60
1384.14
1118.49
901.29
1203.73
1485.54
1222.99
1440.24
1353.22
1724.61
1388.67
1196.18
1314.39
1486.46
1471.74
994.94
1729.60
955.89
1515.04
1004.20
1359.55
1474.79
1627.66
1045.06
1712.06
1269.76
1246.88
1044.97
1203.55
1425.90
1404.45
1077.14
1574.38
1538.89
1166.21
1595.94
993.56
1316.12
1055.26
1459.00
1485.35
1352.00
982.10
1561.82
1598.89
1060.04
1746.80
1733.76
2003.41
1823.37
1859.30
2118.05
1913.31
1980.70
1697.70
1993.55
1968.87
1880.74
1956.18
2039.13
2163.15
2040.81
2065.64
1919.21
1930.67
2067.24
2023.43
1920.31
1675.75
1998.57
1887.55
1873.57
1733.24
1835.16
1778.70
1807.53
2124.97
1897.88
1896.26
1976.52
1740.20
2181.21
1742.88
2060.18
2273.93
1761.08
1849.14
2044.17
1940.58
1824.00
1890.97
2164.72
1962.74
2183.39
2050.04
1887.41
1762.41
2002.09
1639.84
1878.47
2079.30
2127.03
1929.92
1775.54
1722.20
1617.29
1882.61
1992.13
1941.81
1987.64
2000.57
2128.83
1928.01
1811.57
2153.55
1745.57
1989.37
1741.38
1917.56
2033.95
2208.70
1850.43
1817.38
1769.24
2073.71
1720.09
2096.88
1642.46
1961.80
2253.96
1728.64
1748.75
2058.01
1679.78
1699.53
1743.16
1763.05
1831.52
2034.89
1938.60
1972.82
1998.48
2066.05
1680.66
1682.55
2018.13
1596.62
1386.38
1301.92
2861.61
1408.06
787.41
1461.18
1513.03
782.00
1807.23
2299.00
1658.05
2308.64
2420.43
1463.09
2455.92
2145.93
2145.46
2731.51
2003.01
1699.97
2362.04
2138.98
2379.98
1910.16
1681.55
1752.22
1264.71
2523.91
1584.14
2764.71
1930.12
2076.74
924.32
1370.49
2356.68
1157.64
2500.60
2017.15
615.63
2160.70
1858.65
1724.82
842.25
1242.06
2196.59
2851.98
729.12
2592.78
1667.45
2211.69
1404.07
1813.18
2245.35
2235.03
1694.61
1576.12
1996.07
1470.75
2968.43
1588.45
1624.34
652.76
261.28
1498.69
1229.15
1597.45
2543.95
1617.06
1312.82
1857.42
1435.81
1211.51
662.32
1765.87
1576.39
1587.69
1869.75
732.74
1923.79
1707.90
1481.00
1849.35
1694.65
651.78
1937.60
1500.34
2205.63
1260.82
2719.64
2107.07
874.64
1794.25
1181.76
1288.05
2209.39
2489.55
1232.41
903.28
1400.44
2059.20
2063.84
2266.43
2792.48
2315.72
2182.77
2243.86
1867.97
1383.61
2318.89
1797.72
1144.98
1552.81
1262.49
1295.38
1685.28
1873.97
1375.78
1758.46
1656.68
1155.91
1900.23
1648.00
1362.56
1134.92
2114.97
1635.68
1690.45
1543.95
2385.05
571.83
1511.79
1458.17
929.35
762.46
1842.43
1024.75
1078.70
2390.00
1114.82
785.16
1340.51
824.54
2386.86
1282.70
2409.96
2301.42
1370.09
945.59
2172.07
1807.69
1933.42
2128.14
2126.86
1526.89
1031.73
1648.58
756.28
1322.75
2055.72
2767.84
1301.72
683.41
1643.70
2230.16
1799.26
1388.67
1809.12
1619.32
2169.31
2167.57
3024.97
1192.87
2215.32
1412.61
1619.94
2086.47
2970.34
2232.61
2270.09
1552.27
2679.34
2163.41
2289.50
2417.26
1632.00
685.69
937.91
880.19
1840.25
2569.80
2093.07
1234.99
1408.11
1201.31
1556.16
2018.11
2111.33
1253.63
2078.62
1325.66
1526.79
2837.61
1602.96
1319.12
2286.80
1643.17
1907.63
1868.90
2568.04
1457.28
2002.38
2350.53
1458.10
2564.09
2345.44
2743.13
2421.74
1673.60
1597.10
1333.60
2565.14
1972.88
2146.88
1334.95
2118.76
955.55
758.86
1336.33
2002.09
1447.55
1692.52
1746.67
1979.08
2658.39
1476.60
2070.53
2461.70
2602.84
2339.44
1679.37
1800.98
2264.39
1576.42
2494.11
2103.72
1175.08
1762.43
2503.28
2286.46
784.04
943.07
2460.68
2304.18
2139.06
2863.61
1681.22
2816.65
1926.84
2561.09
1709.33
2495.65
1138.72
1876.59
1941.00
1926.79
1200.10
1676.22
1749.97
2259.61
2024.70
1529.29
1809.01
2467.84
1207.04
1708.70
2456.76
2431.92
2473.73
1564.41
1004.84
1402.03
879.82
1273.97
1630.38
1200.23
1821.05
1196.47
1505.38
1721.22
1962.56
1277.30
2802.64
1538.95
1382.32
1772.68
969.68
1834.00
1298.76
1883.90
1328.44
1919.68
903.43
3047.54
1335.08
2000.04
2132.37
2123.75
1551.30
2725.84
2707.40
1617.10
1556.00
1878.55
2208.20
1096.80
2208.23
2243.14
2659.72
1791.57
1842.24
2236.52
794.31
1688.03
1635.51
1622.08
1390.36
1835.76
2265.57
1279.82
2196.84
1818.87
1720.14
2049.46
1458.84
682.50
1493.70
2406.71
2600.83
908.73
2487.69
1535.77
1316.23
1668.33
1903.64
1628.32
442.10
1461.05
2594.44
2240.78
1366.10
1304.37
2438.00
1251.12
2063.92
2659.98
1873.32
1613.01
1398.16
2657.66
2021.24
2275.53
2141.78
2079.55
1793.55
1509.89
2041.30
1142.86
2665.91
1738.35
1398.43
1680.18
2813.54
845.88
2011.86
1200.53
2355.00
1908.04
1448.27
1692.98
1362.03
2413.79
2104.84
1492.56
926.95
1580.02
1433.58
1442.37
2208.93
2107.78
1314.83
1582.67
1631.02
1386.13
1799.77
1218.33
1747.37
2690.55
2482.07
1197.08
1692.16
1687.77
411.60
2730.53
1429.65
1660.81
2170.20
1795.64
2411.47
1232.32
970.50
1828.97
1050.62
2660.96
1957.04
2125.09
721.74
1257.54
1832.67
1771.21
2235.11
1703.01
1732.82
2256.93
1602.93
1896.72
2100.74
1334.01
2753.59
2552.89
1051.66
2297.88
1116.45
1968.82
2167.64
2277.97
1246.83
1333.07
1753.78
1658.09
2680.99
1572.29
2023.02
2083.25
2653.27
2631.13
2641.52
2085.77
1766.30
1459.96
1769.57
1737.97
1677.33
1548.09
832.44
1077.37
1964.56
1191.46
2505.97
1496.99
2109.39
677.97
2202.59
2121.83
2226.47
2695.84
529.95
1560.03
2258.44
666.61
1680.90
1548.55
1276.53
2430.43
1369.79
2593.31
1364.42
1652.00
1094.98
1472.59
1552.42
1791.74
1327.12
1792.24
2044.34
709.72
1565.26
1141.03
1528.78
1924.10
858.92
1918.88
901.65
1392.91
1573.40
2352.99
2056.32
2553.97
2021.84
1190.42
2276.18
2198.05
1387.94
1573.71
976.93
1568.70
1863.45
1488.39
2116.19
2171.31
1842.59
816.06
2036.94
1642.85
2155.38
1756.30
2545.32
1344.08
1630.79
1247.51
1434.10
1542.78
1174.45
2126.27
1426.77
2524.17
2220.49
1373.39
1422.34
1984.16
1063.53
2397.64
1213.98
1341.53
1883.45
1516.59
2163.23
1527.22
649.02
1830.38
1728.52
2528.87
1945.09
2239.85
1288.62
2124.45
2115.65
2116.28
1553.14
1677.62
2372.72
1427.88
2330.41
1628.61
2470.08
2936.17
2891.20
2177.00
1364.86
984.20
1677.85
1584.88
1821.81
1672.22
2660.53
1674.11
945.97
1625.41
1771.24
1885.98
1642.00
1168.97
1882.51
1567.26
1125.98
1466.57
899.69
1689.23
1322.88
1424.96
1805.46
1726.65
1693.02
1808.61
1033.93
1857.85
2245.03
1108.59
1770.87
1108.43
702.47
1266.55
941.83
1409.64
1099.44
2648.41
1641.64
1996.92
1207.59
2189.01
1653.28
1921.53
1394.66
1666.89
3013.90
2138.17
1701.99
1789.84
671.00
2333.90
1429.80
1983.63
1123.96
2350.01
1866.41
1614.75
1673.66
2097.89
1244.91
2237.20
2918.62
2627.98
1206.38
1932.19
2079.60
1988.10
1742.93
823.54
2279.01
1804.45
2349.62
1391.40
1737.29
2439.11
1779.43
1328.29
2530.57
1911.66
2308.88
1132.79
1398.64
2397.32
2027.41
2030.18
2455.68
1712.84
1291.78
2650.89
1301.98
1688.11
1712.41
1457.62
2024.44
2105.01
1318.34
843.43
1980.66
1772.88
1742.94
596.48
1183.38
1418.03
1298.41
2472.12
948.91
1881.34
2192.56
2458.65
1645.12
2439.43
2065.17
1575.93
1696.57
2218.56
1718.45
2358.88
2251.24
1647.19
785.30
1686.51
1503.36
1088.25
1706.39
2465.18
2159.52
1416.36
2053.34
1397.04
1975.89
2274.32
1109.78
2550.55
1289.49
2542.23
1009.27
1889.73
1497.17
2871.51
1094.19
1439.89
2406.39
2306.80
1777.20
958.61
1176.84
2395.78
1912.22
2461.76
1306.00
596.26
2145.16
1417.90
1369.08
1397.27
2374.16
1315.43
1349.66
2249.38
1836.07
736.34
1932.88
1436.37
1262.68
2136.92
1580.90
924.71
1725.76
1323.28
1766.60
1762.17
2613.06
1519.01
1147.30
1056.30
1408.59
2319.28
1915.26
1505.91
1622.91
717.19
2128.70
1698.62
796.48
1379.83
2186.91
2489.06
2133.76
1478.12
2131.12
1046.74
1964.54
2659.66
958.87
2451.11
1642.51
1962.92
1081.99
1083.08
1416.72
1558.75
2797.04
1384.52
2847.73
1628.63
1607.20
2168.17
1438.81
1497.07
2820.78
2219.53
1054.39
1300.88
1000.61
943.11
1141.24
1366.41
2065.57
1820.28
1641.89
894.83
1262.16
738.63
1955.50
1279.34
2307.27
1675.40
2630.38
2364.36
279.43
1689.70
1182.70
1141.75
1587.43
1896.73
1514.78
2220.03
2912.44
2060.00
1011.35
561.61
1669.60
1916.00
1601.34
1754.08
1473.59
2075.79
493.34
647.30
2285.32
1867.86
955.53
801.63
1008.23
1755.51
1719.95
1445.53
2346.10
491.54
1662.21
1114.82
1590.64
2042.13
2313.14
2014.91
1970.82
2266.76
1573.38
2446.88
1518.48
2415.79
1675.25
1525.01
2033.76
1343.59
2189.18
2200.97
1774.01
1804.03
1930.36
2641.79
1664.47
1664.24
1195.18
1421.80
1662.61
2026.38
1800.08
1551.65
2065.95
2777.61
2244.73
2714.32
638.31
1465.32
1300.63
2770.80
1633.72
1107.08
1542.97
943.36
2280.11
2670.20
2133.03
1804.06
2017.02
1677.58
2931.58
1973.12
991.65
1219.16
1409.69
1449.01
1431.63
1854.90
1444.55
1931.10
1836.26
2105.00
1502.02
963.00
1248.89
1910.63
924.31
1912.52
1887.21
1651.17
632.03
1219.92
1451.83
1129.56
1905.79
1520.52
2241.01
2198.22
740.02
2176.86
1374.83
1861.34
1465.00
1141.13
1962.85
1530.38
2408.27
2610.85
2610.95
1465.38
1435.38
1929.03
2196.14
1669.66
1841.27
2033.17
673.06
1726.93
2102.13
2182.52
1900.90
1353.13
1161.51
1250.12
1041.90
2371.03
1173.80
465.39
1076.61
1050.28
1578.86
1398.91
1342.94
756.11
1428.19
1707.35
1200.13
1067.75
1961.72
1592.03
1364.59
2446.09
2645.92
1410.23
2076.64
643.95
1761.28
1563.02
975.37
1453.70
1815.34
1546.35
2617.50
1567.04
1968.24
1033.66
2457.16
1281.69
2193.78
1674.86
1406.03
1506.68
2052.84
854.18
1528.04
645.04
1388.47
1850.13
2653.83
735.75
2397.20
746.36
1777.07
1600.44
1451.73
2669.94
1649.24
1791.72
2357.63
1352.17
1111.57
1270.78
2410.16
2401.46
1598.02
1835.12
2953.95
2282.85
1340.53
1807.01
1862.95
1186.43
1704.00
1582.00
1584.76
1909.37
1657.74
2191.61
2033.47
1634.50
2439.72
2573.91
2503.36
1434.96
1083.13
1946.47
2610.03
883.66
2239.70
1356.57
1610.21
2179.93
2090.15
2421.06
1837.28
1751.91
1887.45
1475.00
2279.72
1875.26
2822.35
765.01
1697.43
1341.33
1862.90
1563.55
1782.53
2339.57
2009.19
1318.55
1481.75
1988.47
1688.74
662.30
1929.91
1076.85
1012.16
2490.47
1648.23
1727.01
556.42
2212.69
1898.79
2633.45
2580.37
1628.58
1897.08
1845.36
2621.91
1854.09
1804.32
1109.01
1352.58
1702.21
866.74
2216.00
2028.86
1586.51
2455.39
2365.94
2060.84
1978.09
1238.80
2791.19
2066.85
2829.47
910.81
1632.47
1289.35
1629.40
2097.80
2209.66
2158.63
2360.13
2143.68
1498.45
1724.75
1803.39
1885.48
2212.45
1604.17
1506.29
901.19
2160.03
2070.24
1879.19
733.39
1362.80
1525.97
1081.68
1175.47
1032.31
547.84
1227.10
1149.95
2001.50
1121.01
762.22
1438.67
2360.65
509.79
868.38
2304.19
2000.01
1935.99
2353.30
2222.73
2130.26
1805.46
2050.76
1835.25
1187.47
2398.47
2196.50
1314.46
851.12
1656.18
1573.04
1512.02
882.91
1657.50
2073.47
1789.54
1716.70
1479.78
1557.16
2620.62
2442.63
1506.82
1433.52
2533.22
1029.03
1336.00
1519.46
1554.20
1126.39
973.12
2165.78
1698.96
2081.00
1780.22
2109.24
2298.05
1749.26
2634.80
2215.67
2194.95
1800.05
1310.20
2372.74
1423.78
1721.26
1695.39
1517.03
1770.28
1344.26
1723.69
706.40
2221.55
2471.31
1062.14
958.56
1547.18
1849.78
1898.24
692.13
614.57
2097.71
2031.61
2044.64
1953.15
2849.20
2343.65
2240.01
1546.85
1379.31
1374.19
1614.94
1668.78
2214.22
710.64
1569.08
933.41
2177.14
2271.99
1371.38
2227.90
1069.59
1727.61
2581.79
677.86
1460.41
1349.25
1928.84
2000.98
1766.58
703.86
1716.35
1891.00
249.16
1054.40
1769.63
1926.35
871.97
1674.37
2076.57
825.88
994.75
1610.06
2450.17
1995.70
1982.56
2798.97
1445.81
1968.43
1886.97
2269.10
2103.41
1752.42
2089.76
2354.56
1103.65
2220.34
1482.33
1964.11
1741.43
796.48
1719.95
2073.80
1821.03
914.12
1675.53
2413.66
1384.92
1510.25
1611.72
1673.25
1614.72
2173.90
2154.46
663.21
368.41
993.12
1743.93
2558.11
2154.14
1907.80
1573.08
2752.32
2593.85
2454.27
705.48
2279.91
1860.25
2017.80
2404.76
2578.51
1377.83
2503.93
1745.12
1583.98
1495.33
1036.12
1636.96
1688.12
1983.81
1416.92
1862.22
487.65
2367.63
1660.66
1437.38
802.00
1125.16
2570.53
2201.20
2733.04
1607.21
2877.44
1164.95
1130.76
2094.33
1838.04
1260.56
757.96
1046.76
1825.01
2051.75
1616.42
704.81
1664.73
927.74
907.34
2739.41
1474.51
1529.84
1259.89
1919.92
1959.74
2085.88
1315.69
1770.00
2567.91
1957.12
663.63
2740.81
2004.04
2095.64
2505.87
1014.00
1171.44
837.96
2113.98
2386.93
1256.13
1683.15
2834.48
638.46
1099.24
1158.11
1921.01
1664.89
2062.15
1010.03
1858.36
1809.46
1943.35
2580.38
750.51
2317.93
1192.82
2061.97
1084.02
2204.47
1907.61
2358.42
2561.82
806.45
1953.54
1233.94
2668.22
1994.00
1848.70
2290.97
1206.04
1015.42
1490.05
1221.47
1440.20
1447.38
2236.48
1738.86
1687.34
1575.94
1926.40
1317.36
2090.76
2165.65
1851.03
2468.34
2332.95
2343.43
1554.74
1629.33
1314.47
2559.11
2136.14
1357.38
1960.93
1893.78
1718.18
1995.81
1555.56
2420.43
1287.81
1381.88
2050.28
2365.11
926.84
1772.56
996.50
2480.34
2299.09
726.48
2063.71
2925.05
2654.65
1508.15
1519.78
857.84
1139.56
2425.61
1792.01
1765.76
1418.99
1229.07
1541.84
2180.41
1598.07
2437.53
1389.84
315.60
1481.06
1951.02
2248.23
1598.66
1986.82
2400.05
1302.11
1580.06
1946.26
1678.10
1128.42
2231.00
1359.24
2168.67
1703.50
1795.88
1991.45
1461.43
904.64
562.26
1758.64
1122.43
1936.59
898.69
961.98
1736.24
1539.24
1550.79
1241.12
2573.23
1077.19
2841.91
1087.81
898.11
2154.32
1258.34
1953.53
2732.35
1346.39
2839.97
2321.02
2200.23
1229.16
638.05
1188.43
1611.04
2265.60
696.52
2346.15
2609.76
1324.43
2392.42
1245.92
762.36
1841.80
1189.62
290.54
1169.03
1833.88
2114.95
2525.33
2706.36
1969.84
2057.96
2054.46
1373.92
1571.32
2295.37
886.70
1886.87
1551.39
2875.48
1789.80
2342.02
1043.08
1980.86
1807.96
1279.46
1405.60
1126.78
2814.12
1367.81
2205.82
2697.44
797.93
2420.59
277.39
2654.89
1246.61
2586.03
2226.18
907.25
2517.00
2568.62
1736.67
2083.29
737.47
1622.26
2044.05
1584.53
1459.66
2660.51
1088.39
2125.20
1803.68
1389.67
399.36
2686.19
580.11
290.86
1869.75
1419.53
2289.89
1610.26
1841.80
2489.36
1455.24
1717.14
2270.43
1661.48
1522.97
2494.12
1057.45
1942.12
1495.67
1312.56
1901.45
2075.45
2046.72
1100.66
1410.10
1526.37
2539.34
887.36
682.29
1071.58
1534.18
1577.46
997.95
2018.86
1488.39
2264.24
959.75
2328.43
1028.68
2321.76
2431.78
1864.97
1151.05
1671.57
1232.33
2323.45
1625.36
959.21
2381.18
990.36
1406.87
741.56
1095.06
585.18
2096.82
2857.86
2166.07
2072.88
1374.68
730.50
1656.97
2517.57
1418.70
656.01
1711.03
1926.47
961.91
1250.49
933.14
1083.92
1433.41
2065.98
1243.10
648.19
1167.34
2782.14
1829.89
2465.87
2891.91
1532.90
1786.33
2916.61
1233.61
1488.96
1365.21
2016.14
1519.85
2281.97
1287.38
2165.37
1984.20
1830.01
920.00
2755.19
1939.31
1609.20
2358.07
1399.37
1672.93
2335.30
1949.24
1082.50
1665.02
2266.39
1534.88
803.58
2026.72
909.41
989.70
396.40
1690.76
2736.24
2054.03
1490.68
1740.97
2034.45
2008.00
1620.50
1320.01
1455.99
887.16
2332.54
2034.19
1433.58
1847.13
1350.88
2474.73
2196.11
2129.03
1043.62
1456.18
2224.85
2906.43
1652.15
1403.56
1754.20
1112.49
1246.78
2783.05
1978.86
2165.72
1992.98
1283.55
2282.43
1299.43
2365.07
1668.08
2156.97
1268.05
1686.69
1814.27
2209.00
1591.44
1778.10
1685.43
1461.18
1329.84
994.09
2215.62
2379.10
1735.80
1300.79
1704.45
1613.84
1309.72
2041.67
965.77
2166.25
924.00
1741.45
677.16
2034.92
1077.68
781.04
458.87
2671.08
2096.73
801.25
1338.76
2453.43
2239.50
1283.48
2669.30
1768.71
2337.07
1639.12
1513.88
2359.01
1590.26
738.62
2392.51
1885.34
1851.16
1863.99
2658.34
2066.37
2075.96
2403.28
1618.12
1390.38
1551.42
1426.68
1844.73
1388.57
2906.35
2103.18
2042.06
2100.10
2101.95
1314.80
2755.08
1461.09
1587.19
1678.31
1900.79
2169.45
1084.22
1876.33
1385.86
2971.60
2136.06
1173.34
2103.85
2423.76
2549.34
1783.67
1521.43
1421.66
2184.72
532.00
2983.92
2671.53
2792.26
2180.82
2126.07
1741.15
1648.77
2729.39
448.89
1963.25
1389.43
1120.90
2790.53
1898.69
1298.62
1808.50
2001.64
2065.24
1852.53
1993.69
2051.01
1773.44
1070.41
1692.62
1148.47
1250.32
737.59
1019.26
809.24
1791.27
1074.69
1641.25
1131.58
1656.97
2046.26
2280.53
2281.88
2515.32
1604.09
1358.61
2122.78
2849.86
1030.12
625.77
1469.18
1670.50
2494.28
1716.88
2070.88
768.12
693.62
2367.12
988.12
2215.64
1284.00
2935.05
1828.25
1709.92
1361.77
1738.23
1140.07
1972.06
2737.01
1444.77
2029.12
1731.23
1573.41
2089.18
2011.92
2914.36
1818.67
2165.94
1448.57
2496.72
999.74
1085.77
1594.98
1163.27
1924.28
1483.48
1682.95
1867.22
2653.30
2034.91
1648.62
1614.91
1254.61
1981.00
977.65
2104.84
1912.63
2822.47
2578.55
701.59
534.13
1983.88
2684.44
1033.68
2573.09
905.94
1335.18
1478.56
870.80
2365.00
1669.52
996.83
2325.97
1993.69
1379.75
1265.95
787.95
1799.37
2205.91
2765.77
2127.22
2021.38
1898.82
1586.43
2687.19
2519.10
2071.17
2442.28
528.85
2308.55
1528.21
2495.72
513.69
878.29
2356.50
2324.61
1905.78
1424.19
1855.70
2801.09
2604.24
1499.28
2069.57
2168.93
1066.93
2113.60
1835.79
1650.35
1591.21
1245.46
911.98
2281.16
2338.89
1694.56
2429.80
2541.02
2827.47
1858.53
1800.34
844.57
955.26
1408.31
1003.36
1563.91
1752.32
2139.32
1089.11
2073.50
2121.27
2349.36
2115.47
1569.07
2042.00
657.64
851.06
573.18
1956.00
1394.38
2184.83
1915.39
2187.30
1825.50
1663.95
1481.88
563.97
976.01
2257.77
1497.30
1921.78
860.42
892.68
1333.47
1226.26
1846.97
1635.89
882.09
1608.09
1476.63
2200.53
1003.80
1619.97
728.86
761.97
2049.43
1978.97
2300.89
1714.80
2249.85
1885.22
2005.43
2760.84
1201.00
2153.22
1785.22
2148.79
1009.64
1643.64
2107.57
377.02
2489.19
2671.57
1646.06
1605.91
1431.33
1895.12
1409.03
1815.01
1721.33
1851.32
750.59
2099.62
2000.36
2507.82
919.11
1872.22
2450.17
570.89
2301.64
2055.13
1062.04
1412.87
2192.31
2088.18
951.38
2257.20
1318.59
1075.31
1732.14
2427.52
1481.58
1100.01
2838.88
1674.24
1107.45
2615.89
2123.01
1608.14
1062.20
1685.00
949.66
700.26
1825.88
1416.46
585.73
2160.27
466.66
1842.22
1585.38
1856.84
2108.95
2093.14
1693.03
1647.71
637.47
1352.97
1447.68
2503.76
1323.79
1849.65
2278.26
2358.44
1504.27
1745.05
1505.29
2122.45
382.92
2493.39
1642.87
983.56
864.81
626.59
2617.86
1690.83
1473.51
2291.32
2453.03
1660.09
2441.54
2044.63
1152.09
1946.90
1810.60
2425.64
2007.83
2165.45
2446.51
1467.55
1764.45
1198.20
1632.00
2328.57
2509.07
1669.22
1171.29
2081.30
1718.59
1559.94
1647.28
1607.75
1727.79
1216.89
1629.26
1249.88
2992.13
1232.05
2218.69
2098.85
1629.86
2312.03
1545.96
1723.41
1526.46
2021.48
1743.09
1202.92
1357.77
1871.77
1378.63
2437.10
1811.83
1227.81
1046.38
1027.87
1566.02
2949.81
1825.40
1131.38
2739.65
1659.76
2381.12
2926.11
2288.14
2354.89
1901.41
1938.02
1112.57
601.98
2022.66
2311.01
1940.35
1539.52
2501.60
1811.41
2530.87
1416.14
1659.39
1151.76
2098.16
2220.32
1635.47
1316.83
2396.18
1916.62
1552.13
2812.01
1580.76
2700.43
2413.74
1052.47
1037.46
1808.52
2107.76
2098.76
2059.43
1097.24
2556.45
1938.26
2507.89
1495.98
1626.35
2642.72
521.88
838.01
1535.28
986.77
1821.18
1837.82
2539.85
962.00
1440.72
2004.87
1211.66
2461.60
2183.28
1415.34
1176.28
2039.98
1686.45
1901.50
1561.41
2660.88
1829.51
1554.78
1185.31
1309.03
1950.30
1801.93
1625.92
597.87
981.38
1498.89
1258.79
1777.27
2058.37
1887.88
2401.38
2488.18
2330.30
1900.81
2298.10
1714.34
2168.65
1941.47
1795.98
2678.06
2900.34
2050.89
2378.86
1608.57
2218.03
2325.55
1820.81
1434.74
2356.20
1877.53
2062.22
1179.72
2051.22
2765.98
1876.62
2503.22
1968.05
2591.40
1046.84
1862.58
590.41
1115.64
2279.24
1131.51
1664.24
2333.44
2177.20
2466.10
1921.66
1771.65
947.13
1832.24
3012.65
2108.02
1876.45
2714.01
1352.38
1646.96
1930.46
1463.66
1508.52
1653.79
1658.59
2660.01
2679.08
2258.11
1558.39
1144.56
2966.53
1544.86
2166.74
1143.72
2039.47
1090.19
1279.66
1227.22
1780.45
1558.87
2319.24
1330.62
2048.89
2315.82
1689.86
2783.86
2150.62
543.64
1257.33
970.99
1278.35
2197.02
1216.55
2481.84
2399.97
1016.98
1380.12
2750.73
2542.32
1682.92
2048.84
604.89
921.75
1285.14
2123.86
1864.54
1809.68
1730.11
2085.14
1335.12
2152.80
817.76
1994.10
2027.44
2456.98
2157.76
2474.40
1578.91
1357.50
1062.47
1742.07
819.40
1222.31
1401.57
2370.33
1066.38
2226.39
2502.81
1241.17
2217.89
905.46
1793.94
1869.54
1485.43
2444.73
1977.72
2266.24
1751.03
1470.04
1737.41
1511.43
1840.70
1595.19
2622.96
2179.42
1311.85
1251.28
1663.36
1169.75
2182.28
1161.53
1200.29
1653.71
1961.92
1179.80
1115.40
1647.62
1256.21
699.31
868.54
418.65
1437.68
2787.51
609.75
2347.27
2062.76
2142.34
1975.11
2092.88
2405.76
1212.86
1489.26
2281.67
1786.79
2221.57
1490.12
2014.96
2220.07
1537.25
1154.55
1019.15
2455.24
1792.34
1785.28
1355.29
2628.14
1196.74
952.31
1452.97
2033.08
1312.89
1155.95
1011.08
1208.08
1611.54
998.46
1243.98
371.63
1518.34
1677.59
1331.92
2445.04
941.94
2236.45
1654.69
2505.40
2600.59
1643.28
1606.25
2407.74
1621.06
2190.32
751.33
1744.12
1092.00
2097.65
563.90
1403.37
1569.68
2069.60
2359.80
1404.27
1286.26
2052.03
1907.97
3055.14
1901.60
1685.60
2630.78
1709.64
807.36
2492.36
1682.15
2635.69
874.73
398.07
1316.52
1271.72
2155.87
2383.84
1265.80
1512.01
1911.94
1509.24
1400.93
2102.88
1950.06
2146.11
2913.00
1281.04
1572.27
1186.15
2565.09
1735.55
1465.62
1087.84
2228.68
1534.84
1321.39
2652.12
1751.70
1369.92
2103.64
1916.18
1882.68
2801.20
1719.23
1739.23
1751.51
1543.09
1971.84
1739.00
2168.94
1384.21
1595.99
1670.88
2260.72
2560.61
2496.07
2508.92
1168.00
1327.17
1616.11
1514.13
1014.58
860.93
1296.56
2301.03
1470.04
1383.48
2613.59
944.43
1570.51
2280.39
1986.14
602.71
1296.58
2429.34
2145.25
753.20
989.77
2675.09
2232.36
1863.10
2261.99
1251.01
650.30
2341.51
1624.68
1554.36
2376.94
1582.27
2591.74
1103.71
2397.28
1912.82
1884.28
2076.20
1476.00
1810.70
1231.33
2216.11
2357.15
1510.76
2158.44
1705.59
1794.85
1238.93
933.34
1339.64
1656.73
2545.88
1251.64
2606.99
1621.82
1438.86
1957.19
1885.27
1455.55
1025.24
2505.50
2735.92
1321.84
1390.81
1170.96
1264.07
2777.38
814.91
2224.70
1800.91
2343.64
1937.19
2381.61
820.10
2075.24
1368.87
1606.28
1963.85
982.79
987.01
2399.27
1394.58
2731.59
1644.72
2157.22
2037.67
1807.76
2007.89
1646.22
2594.82
1828.07
1806.43
1610.32
1146.81
2698.28
2399.28
1587.63
1052.78
1253.37
2884.77
1740.96
1976.05
2521.70
1333.86
1596.58
2554.00
2061.01
1770.70
2087.92
1204.04
2195.82
1595.47
1548.47
1604.14
1003.82
1142.26
2086.74
827.73
2227.05
2171.39
1902.45
1924.02
1614.91
2872.84
2501.43
1873.51
2257.55
475.01
1254.76
1440.95
1814.26
1909.74
774.92
1614.51
1156.45
1649.20
2480.51
1336.89
2559.19
2254.73
1535.32
2040.03
2496.73
1705.27
2029.23
1518.84
1399.99
2825.03
1656.69
1486.03
1954.97
2321.14
1273.43
840.35
1768.46
2189.22
1368.39
1516.44
2017.68
1955.36
1800.37
1425.51
877.60
2487.20
2585.28
2029.23
1602.73
2827.12
1941.19
2704.16
711.89
1801.32
1085.90
1472.31
1777.43
1572.62
1396.16
1315.41
975.03
2455.04
1340.02
1564.36
2132.11
1440.85
1617.84
1490.91
1375.12
1781.82
2001.67
1447.70
1821.88
1384.32
745.57
1758.07
977.58
2706.84
1813.89
1036.43
2021.81
474.02
1783.36
1702.16
1527.92
1803.44
2433.85
1145.07
1182.52
1657.00
2460.28
2061.95
1489.00
2239.13
1330.48
2876.01
1907.96
1650.12
2118.43
1884.35
1085.31
1710.74
1356.68
1233.13
2971.10
2029.87
2486.14
1910.65
1803.18
1133.91
1320.42
2566.43
2020.55
2159.10
678.15
1162.22
2294.24
1053.45
2110.00
1827.08
2308.08
404.93
1994.94
2887.47
2447.25
942.85
1736.41
2047.82
2447.50
2767.45
2375.28
1908.82
1757.90
738.02
1834.58
1112.03
1470.72
1732.11
305.74
2098.22
813.41
806.19
2286.35
1487.93
2105.75
1671.36
2238.55
2618.66
1177.41
2417.31
1971.18
2239.09
1064.48
1125.43
2251.84
2309.74
2099.97
950.32
2552.76
2334.24
1094.65
1240.43
1174.37
2154.65
2848.55
2122.03
2460.95
2449.93
1636.13
731.00
1136.74
1902.73
2779.36
2000.26
2221.55
1078.00
2149.83
1770.17
2687.87
1416.98
1151.51
2500.78
2247.45
945.81
2130.50
1933.96
1881.71
1740.53
1207.84
1450.67
1644.98
2624.44
1031.16
1701.03
2750.44
2037.27
823.69
1875.01
1603.88
1820.73
1884.52
2721.39
1299.29
877.05
2042.00
2101.59
2373.74
973.09
1816.81
1641.81
1613.82
1331.09
1582.59
2401.35
2077.75
1071.38
2146.77
1885.01
1298.50
1588.64
2708.90
2336.01
1870.01
1852.94
1805.30
2485.97
2061.18
2429.35
2697.97
1788.65
2073.61
1861.74
1605.37
2086.85
2725.97
2909.49
1896.57
2114.38
1816.28
846.16
1994.15
769.38
1833.27
2186.96
1907.82
1450.15
777.41
1169.37
1808.10
1721.04
1947.42
2547.03
2292.69
1388.53
1997.90
809.87
2010.51
1673.13
1637.13
1589.73
1215.68
2336.52
2123.54
1828.24
907.33
1637.25
1357.66
1452.20
2116.82
2347.84
1540.91
2029.24
2060.72
1705.15
1747.67
1413.59
1469.68
1570.61
2257.82
976.15
1027.05
1734.03
754.75
2493.07
1819.77
1790.58
1151.89
2392.15
1431.03
2863.62
2646.50
1017.26
2467.36
953.21
883.93
1873.04
1477.04
2355.76
2880.17
1697.39
1708.33
2209.29
461.07
2472.90
1408.39
1964.98
2348.51
1403.80
1617.70
2316.35
933.11
1738.05
2064.86
751.00
1604.63
743.23
1041.90
1975.08
1513.43
1579.00
2525.49
1677.84
1370.49
2182.18
2007.44
1691.32
2041.48
1711.71
1574.64
899.39
2244.90
2441.97
1067.15
1178.22
1211.24
2285.16
2846.83
1272.03
2406.29
1840.64
1359.00
2429.43
1427.85
2558.10
1560.69
1449.41
1749.93
1394.30
1769.00
1252.37
1249.07
2587.23
1673.44
1787.88
1954.37
2448.67
1954.83
1471.27
1018.20
1195.86
1345.70
1936.02
1615.61
2470.21
1771.61
1148.93
1429.75
988.78
2740.57
1474.25
1215.52
1784.93
2993.00
2760.09
1222.25
1760.93
1919.46
1121.28
490.93
1981.19
1202.27
1283.30
1419.71
1356.00
2252.49
2468.64
1757.47
2590.57
2042.30
1365.28
1331.38
1831.40
1187.09
1272.23
2133.71
1051.49
907.36
852.05
1823.17
2812.98
2489.51
2004.47
2537.36
1351.58
2069.16
2044.00
1147.13
1373.11
1889.98
1085.76
2131.99
2018.64
2259.12
1638.88
1420.61
1503.17
2072.56
1257.72
1374.20
1748.97
1778.88
1199.38
1419.88
1304.00
1837.81
1594.71
1500.63
1816.47
2728.59
1516.05
2401.47
358.88
535.77
1872.00
1981.77
1136.03
2244.58
1351.65
1918.80
806.56
2170.76
1477.93
2695.01
1052.66
1621.64
1456.32
850.84
2773.38
1439.96
812.96
1489.17
1970.75
1978.68
1282.87
2229.95
1343.27
693.40
2474.70
2499.07
1592.37
1741.75
1424.83
2579.51
1106.63
2142.66
1732.08
1227.62
1627.06
1344.91
2052.32
1391.98
1426.62
1836.47
864.12
967.22
1411.59
1692.22
1923.58
2470.47
2044.92
845.00
1651.85
1215.24
1497.81
1904.84
999.60
1355.48
1972.04
1593.01
1555.88
2193.91
877.63
1375.38
2304.66
1639.87
2022.00
1189.59
1094.40
2293.51
1829.25
1967.01
2067.08
2169.57
1085.75
375.70
2680.82
1940.86
1746.58
1257.16
1973.61
1670.43
2618.91
1958.75
2756.00
1740.17
1929.70
866.88
2537.67
1822.81
1743.12
2006.26
2729.77
1876.22
1435.78
2536.69
2514.47
1002.62
2098.05
1273.12
839.38
1107.67
2066.09
2507.65
1588.63
675.13
1898.26
1162.42
2201.10
2008.37
1364.29
1945.69
2108.93
1783.83
945.16
2697.08
1985.97
1448.07
1386.19
1904.32
2126.85
1661.33
1092.36
1399.00
1437.87
2395.98
1010.03
2053.88
1560.93
2654.34
1698.30
1645.55
2782.23
1493.20
2494.49
1875.66
1415.54
2070.90
2335.16
1849.26
1008.35
2076.86
1191.18
905.74
2521.47
1627.22
2546.07
1048.28
1584.24
1121.80
2659.66
1882.66
2894.89
1565.38
1821.76
2176.64
979.94
1876.87
1174.38
1433.52
1426.27
1573.34
1005.26
1983.80
2138.76
2004.46
1396.72
1551.47
1968.22
2565.47
2196.67
724.12
1084.60
1169.34
2003.40
1435.62
1992.67
1690.08
1419.45
459.02
2140.41
2251.81
1299.26
1851.71
1046.69
2102.43
1666.81
1892.65
623.86
2758.77
1596.30
2032.78
2238.48
1400.52
2276.17
1263.11
1659.86
2585.91
344.00
1248.64
478.93
1954.11
1311.58
921.74
2659.95
1702.49
1490.78
1544.76
1456.75
2374.51
2489.88
523.04
2423.43
1303.71
2992.83
1282.98
2137.89
1817.12
2480.09
2058.67
1951.20
1136.46
1765.86
976.16
2086.65
2118.76
1046.38
1233.22
1708.45
1380.44
2374.68
268.73
2157.55
2267.97
1830.54
1362.94
1065.24
1906.42
1781.63
1530.63
1535.26
1182.50
1789.58
1490.39
1002.18
2078.07
1719.92
1497.75
1746.89
1216.09
2217.68
2295.50
1231.38
1433.84
790.09
2303.99
1340.17
776.22
1685.28
1525.69
2192.34
2018.00
1182.70
1980.00
1385.26
2479.34
1182.38
1696.06
1228.70
820.58
1729.59
1830.68
1722.18
2890.38
1536.13
1209.91
1353.22
2231.56
693.54
1822.24
1319.44
1422.28
2579.66
2880.79
1048.68
1371.83
1460.35
2325.21
2096.60
1249.27
1618.98
873.20
2275.55
1856.15
1705.10
1808.81
1658.95
2663.06
1765.69
1865.98
1155.45
1958.66
1862.25
1722.76
1343.43
1401.48
1606.00
1381.03
1923.89
1586.32
1078.88
1653.43
1062.96
1617.20
1287.17
2006.18
2590.01
2451.59
1210.67
2399.55
1421.02
1796.76
1351.09
1878.91
1735.92
1341.83
2211.41
1627.43
1830.45
979.32
1287.88
2079.55
2182.92
1999.21
1879.23
2676.40
2153.11
1680.29
2161.70
1741.95
2073.72
2089.30
1819.30
1564.38
1751.36
2039.53
1568.89
1205.20
1234.59
2385.64
1067.22
2092.28
2196.30
2890.69
1820.86
1279.44
1851.45
2960.20
448.34
1737.78
1226.55
2390.91
1770.93
1298.70
1719.16
1369.22
966.50
1184.74
1774.07
2808.74
1620.68
2894.32
1950.80
2159.92
2299.98
2051.90
1293.95
2238.88
682.40
1478.68
1570.74
1682.09
1148.78
2353.01
1443.90
1839.60
1574.25
1941.25
1678.88
1638.71
2122.76
1030.27
1601.62
2499.88
2151.81
993.38
1084.37
2060.12
1447.02
1628.76
773.08
1132.51
1433.77
2328.67
1291.62
1217.00
1066.05
2422.20
1347.62
1312.43
1181.87
2309.72
1402.80
2251.89
2479.76
1602.25
1206.33
740.00
1980.22
1550.95
957.26
1802.50
2817.94
1552.61
2792.32
1788.68
1809.38
1469.73
1346.62
1345.78
1150.30
1913.09
2011.62
906.28
1481.61
2824.14
1655.03
1149.91
2263.64
1884.93
2719.45
1620.42
1099.00
1306.63
1671.29
1512.20
1215.80
1785.33
1064.76
539.35
2766.53
2046.74
1103.39
1127.95
1457.50
1238.60
2055.83
1761.44
1189.83
1676.46
2421.63
1999.57
1859.27
1912.47
1515.67
1364.24
2191.23
2543.76
2272.38
1668.82
2040.22
1636.76
2379.59
1670.77
1933.29
1383.62
1173.20
2394.93
1802.03
1300.33
1873.29
1101.42
1602.91
1021.76
1494.66
1252.37
2510.91
1702.63
1623.15
2227.11
1736.82
1611.70
981.78
1635.32
1455.83
1594.15
2015.19
1346.88
1360.75
1876.18
892.88
1589.34
1698.78
1903.18
2355.05
1487.69
1815.23
1051.12
2170.27
876.95
1528.32
1264.42
1464.34
2172.68
1813.90
2204.80
1534.38
2178.44
977.16
1307.58
2749.87
1643.41
1181.50
1642.03
1732.98
1120.30
2446.52
1887.88
1306.00
1785.13
2795.83
2336.99
1957.49
1815.28
1175.41
1790.69
1155.25
1384.00
1777.38
1123.61
606.09
2561.30
2024.05
1139.79
1600.77
2251.27
1164.51
2215.53
2471.42
1232.01
916.34
1733.37
1586.95
1019.45
748.13
805.53
2001.97
2397.88
1456.03
2203.45
1159.44
2199.95
1786.38
1392.78
1957.36
2694.10
1866.85
1652.61
1962.91
1336.30
1130.73
1670.27
2116.23
1905.38
2578.61
1084.27
1999.93
2321.40
1911.07
2719.62
2019.27
2022.82
1679.56
2505.92
2514.11
1102.82
1341.23
840.73
2396.66
1543.44
1819.88
2734.53
2229.24
1667.48
1709.93
1627.74
1533.97
1229.19
1523.83
1879.24
894.13
2077.82
1144.32
2000.62
1529.36
1032.45
967.03
1751.52
2003.35
1583.81
2250.57
1380.22
1954.36
1684.02
1435.09
1268.87
2517.18
1450.38
2920.49
2067.02
2369.20
983.74
856.90
2730.22
1573.12
1230.11
2028.88
1813.68
2195.14
2273.20
1522.27
1975.68
1903.83
2090.52
2553.29
2067.83
1986.70
1348.36
1623.03
1583.30
1086.29
1360.19
1707.48
1190.00
1113.72
1633.46
1987.68
1189.35
2154.54
2467.50
705.78
940.61
2142.59
1621.22
1508.30
1996.28
1957.55
1167.26
1073.42
2333.11
1186.48
1292.83
2191.97
1537.53
2235.43
1573.56
2232.18
1652.84
1366.65
2221.29
2569.52
2105.95
1436.27
693.97
1354.78
2111.89
1100.11
1240.15
2118.71
1074.45
2487.53
1834.18
2060.82
2727.97
2097.07
1773.68
1669.23
2049.73
1137.68
850.38
1098.61
1173.05
2225.69
2033.09
821.82
1700.12
1540.82
2097.01
1948.37
2624.61
2743.72
2095.01
1416.89
2645.16
1114.97
981.47
667.74
2216.44
1740.51
1227.66
1696.13
1611.87
2293.90
2084.07
2452.74
1523.91
1374.78
1720.05
1658.82
2125.38
2530.17
1517.21
1411.79
1736.34
2025.60
1641.72
1631.01
1632.34
2136.86
1671.32
1539.59
1876.00
624.67
2045.89
2228.80
1702.51
1433.61
1250.25
1665.00
1984.57
1439.89
867.07
2010.59
1479.73
2458.11
1392.53
2183.31
970.85
1651.02
2706.72
2397.60
1633.22
2292.05
1558.00
1627.34
699.41
1442.95
2622.24
1148.88
1882.63
1508.77
2038.16
377.93
2101.56
1743.16
1337.10
2878.56
2574.57
546.87
2027.34
544.24
1999.59
1618.24
2357.94
1440.47
2495.00
2215.62
671.17
378.64
1361.45
1382.38
1546.06
1787.95
1270.09
1855.02
1293.94
2161.55
1615.28
1479.83
1041.03
1033.90
2117.56
1979.56
1066.66
1898.88
2004.39
1792.54
808.38
1293.64
2020.41
1535.86
1470.32
1574.23
1394.40
1821.92
880.70
1648.17
2226.06
2273.62
1839.98
1943.60
1450.56
1083.56
2643.86
1095.06
1749.14
1735.54
1929.07
1536.36
1140.17
1950.23
1863.29
1639.00
1363.69
2426.26
2735.55
2360.17
1169.31
2173.93
1333.15
1545.73
2554.74
1911.59
2175.18
823.05
1367.04
1649.46
1846.83
1515.24
2097.28
2296.20
835.13
1927.99
2076.76
2676.63
886.37
1256.29
1242.58
1473.32
2594.78
1379.68
2617.01
1610.52
1392.77
978.97
2149.35
1369.86
2152.86
622.66
1293.25
1620.25
1411.28
1848.58
2342.00
1514.86
1819.15
1067.05
934.53
1889.34
1468.38
1132.57
1477.20
2751.13
1071.59
1600.28
1668.74
1083.51
1378.57
1813.48
1839.46
1497.32
1575.63
664.89
570.89
2325.61
1485.03
1339.60
992.66
1699.61
1129.14
1434.88
2206.36
854.90
1627.07
1460.78
1539.60
1772.96
1492.85
2160.02
1877.44
2023.26
1258.08
2987.28
1496.47
1928.12
2881.76
1293.57
2228.12
1686.45
1982.22
1341.97
1179.79
1860.11
1153.48
2565.94
2457.10
2317.97
2149.54
2068.12
1908.05
2301.05
2107.24
1831.20
1844.56
1051.94
2001.45
2955.28
2225.69
2283.39
1235.25
960.51
1288.14
1762.16
2119.55
2575.67
646.31
1512.91
730.67
1535.38
2143.18
1504.57
2098.66
1720.51
1282.33
2120.91
1781.98
1890.89
1629.63
1244.77
2804.76
1987.09
800.16
1404.12
1853.00
1167.03
1915.74
1556.20
1945.13
1755.09
801.13
734.85
2825.00
1423.98
2281.39
2540.57
2250.24
2218.67
2248.40
1565.90
1248.76
1926.58
1562.95
1626.60
741.42
2214.59
2264.85
1466.93
824.95
1282.14
1414.62
1843.14
1825.16
1944.00
1133.09
894.57
1150.43
1288.31
2293.97
1506.14
1011.45
2301.18
1771.23
2321.09
1377.35
917.08
739.15
1597.81
1987.50
2761.70
610.27
2517.88
2050.39
2383.62
1830.44
2269.86
1548.10
629.14
2360.32
2077.82
1895.43
1683.23
1130.26
1739.97
1548.28
784.91
2534.21
1437.10
1361.88
1711.40
1669.45
1068.25
2090.65
2998.76
2016.15
779.00
1651.93
1167.88
1982.57
1732.71
1530.18
2066.54
1696.68
1932.99
2507.40
2153.72
1804.63
1792.24
2495.70
1370.70
1907.27
1696.56
1353.72
1345.99
1810.33
952.95
2048.96
843.79
1792.73
1502.98
1099.29
1567.86
809.79
1577.30
2607.33
1107.75
2411.41
1851.90
1758.68
1579.05
1856.25
2809.22
1599.46
2000.70
1142.53
1564.68
888.00
2165.74
1646.35
2594.23
2181.48
2313.95
1071.66
1308.45
1918.72
2250.73
1101.34
1760.66
1679.32
710.20
2184.94
1960.89
2294.48
1685.28
1968.90
1495.06
2314.04
488.08
1470.09
1115.62
1443.50
1189.26
2240.22
1470.89
1823.67
1663.30
1873.30
1315.69
163.95
1036.98
1915.76
2344.76
2551.05
2439.03
2091.96
1908.12
1099.94
1649.00
1195.82
1860.97
2043.36
1079.52
1441.35
2164.79
1760.42
834.26
1592.53
2334.57
1733.54
2005.40
2283.40
2001.57
2574.74
2386.73
1778.19
2662.22
1439.47
1642.86
727.51
1373.76
639.38
2538.96
2279.86
2094.40
1447.62
1847.50
1235.14
1303.30
712.08
2185.67
2079.17
1685.33
2464.28
1805.55
1144.51
1771.11
1443.14
1752.64
979.35
2012.70
1257.93
1507.64
978.61
2165.39
2280.15
1930.07
1886.77
1209.11
2230.73
1467.33
1186.11
1921.19
1494.82
1641.38
1723.74
1703.81
997.02
1455.28
2711.35
2353.78
879.50
2185.27
1589.51
2240.05
1087.51
2137.03
2074.64
1018.68
1378.74
1685.64
326.90
1846.26
1914.43
1663.95
2165.81
1795.50
1449.26
2286.76
2282.39
989.68
2239.44
809.13
1965.18
1466.82
1631.81
2528.09
2142.37
1896.69
1704.97
1316.41
2589.09
1568.09
2439.39
1644.07
1832.88
1432.04
2231.03
567.10
863.70
1293.84
1246.33
2819.01
752.62
1691.67
2532.67
1638.72
1784.78
505.19
1350.86
1389.79
997.85
1001.16
1010.74
1729.58
1998.40
2881.36
1637.86
2574.98
1146.04
1663.28
2056.46
2177.32
1772.63
2348.05
1039.65
1552.09
1570.32
1041.98
2931.54
1793.17
2174.43
1510.50
1832.10
1350.64
1238.23
1227.97
2229.68
1958.47
1861.29
1600.65
2184.46
2522.57
1836.04
438.94
2065.47
2367.16
1505.64
1013.74
1763.91
1718.36
1423.94
1243.74
2784.45
1748.51
1575.47
1730.93
2657.48
2026.66
1289.93
1976.82
1934.47
1385.30
526.95
1827.09
1981.39
1284.34
1610.58
2632.05
1195.94
873.88
876.42
2499.77
1071.78
